
CUDA STREAM Bandwidth Results

nx         | blockSize | trial | MLUP/s       | Bandwidth (GB/s)
--------------------------------------------------------------
4096       | 64        | 1     | 1910.45      | 30.5672         
4096       | 64        | 2     | 2151.26      | 34.4202         
4096       | 64        | 3     | 2352.94      | 37.6471         
4096       | 128       | 1     | 2357.27      | 37.7164         
4096       | 128       | 2     | 2352.94      | 37.6471         
4096       | 128       | 3     | 2352.94      | 37.6471         
4096       | 256       | 1     | 2379.18      | 38.0669         
4096       | 256       | 2     | 2226.09      | 35.6174         
4096       | 256       | 3     | 2352.94      | 37.6471         
4096       | 512       | 1     | 2265.49      | 36.2478         
4096       | 512       | 2     | 2222.22      | 35.5556         
4096       | 512       | 3     | 2352.94      | 37.6471         
4096       | 1024      | 1     | 2105.26      | 33.6842         
4096       | 1024      | 2     | 2122.72      | 33.9635         
4096       | 1024      | 3     | 2105.26      | 33.6842         
32768      | 64        | 1     | 16000.00     | 256.0000        
32768      | 64        | 2     | 16125.98     | 258.0157        
32768      | 64        | 3     | 16100.63     | 257.6101        
32768      | 128       | 1     | 16842.11     | 269.4737        
32768      | 128       | 2     | 16842.11     | 269.4737        
32768      | 128       | 3     | 16025.04     | 256.4006        
32768      | 256       | 1     | 16228.21     | 259.6514        
32768      | 256       | 2     | 16100.63     | 257.6101        
32768      | 256       | 3     | 16814.45     | 269.0312        
32768      | 512       | 1     | 16000.00     | 256.0000        
32768      | 512       | 2     | 16000.00     | 256.0000        
32768      | 512       | 3     | 16000.00     | 256.0000        
32768      | 1024      | 1     | 16000.00     | 256.0000        
32768      | 1024      | 2     | 16000.00     | 256.0000        
32768      | 1024      | 3     | 16000.00     | 256.0000        
131072     | 64        | 1     | 42755.74     | 684.0918        
131072     | 64        | 2     | 42666.67     | 682.6667        
131072     | 64        | 3     | 41668.36     | 666.6938        
131072     | 128       | 1     | 49408.92     | 790.5428        
131072     | 128       | 2     | 49230.77     | 787.6923        
131072     | 128       | 3     | 49230.77     | 787.6923        
131072     | 256       | 1     | 47407.41     | 758.5185        
131072     | 256       | 2     | 47738.93     | 763.8228        
131072     | 256       | 3     | 49468.60     | 791.4976        
131072     | 512       | 1     | 45970.82     | 735.5331        
131072     | 512       | 2     | 47407.41     | 758.5185        
131072     | 512       | 3     | 46334.84     | 741.3575        
131072     | 1024      | 1     | 37647.06     | 602.3529        
131072     | 1024      | 2     | 38787.88     | 620.6061        
131072     | 1024      | 3     | 37647.06     | 602.3529        
1048576    | 64        | 1     | 23530.09     | 376.4814        
1048576    | 64        | 2     | 23519.95     | 376.3193        
1048576    | 64        | 3     | 23498.03     | 375.9684        
1048576    | 128       | 1     | 23491.29     | 375.8606        
1048576    | 128       | 2     | 23543.61     | 376.6978        
1048576    | 128       | 3     | 23492.97     | 375.8876        
1048576    | 256       | 1     | 23540.23     | 376.6437        
1048576    | 256       | 2     | 23504.77     | 376.0763        
1048576    | 256       | 3     | 23540.23     | 376.6437        
1048576    | 512       | 1     | 23540.23     | 376.6437        
1048576    | 512       | 2     | 23540.23     | 376.6437        
1048576    | 512       | 3     | 23444.23     | 375.1077        
1048576    | 1024      | 1     | 24227.73     | 387.6436        
1048576    | 1024      | 2     | 24265.40     | 388.2464        
1048576    | 1024      | 3     | 24150.94     | 386.4151        
8388608    | 64        | 1     | 25206.15     | 403.2985        
8388608    | 64        | 2     | 25175.17     | 402.8027        
8388608    | 64        | 3     | 25197.43     | 403.1589        
8388608    | 128       | 1     | 25013.74     | 400.2198        
8388608    | 128       | 2     | 25013.74     | 400.2198        
8388608    | 128       | 3     | 25013.74     | 400.2198        
8388608    | 256       | 1     | 25045.76     | 400.7322        
8388608    | 256       | 2     | 24595.75     | 393.5320        
8388608    | 256       | 3     | 24246.77     | 387.9484        
8388608    | 512       | 1     | 25051.99     | 400.8318        
8388608    | 512       | 2     | 25000.86     | 400.0137        
8388608    | 512       | 3     | 25045.05     | 400.7208        
8388608    | 1024      | 1     | 25283.95     | 404.5432        
8388608    | 1024      | 2     | 25263.24     | 404.2118        
8388608    | 1024      | 3     | 25252.77     | 404.0444        
16777216   | 64        | 1     | 24907.62     | 398.5219        
16777216   | 64        | 2     | 25310.68     | 404.9709        
16777216   | 64        | 3     | 25314.71     | 405.0354        
16777216   | 128       | 1     | 25137.63     | 402.2021        
16777216   | 128       | 2     | 24731.27     | 395.7002        
16777216   | 128       | 3     | 24697.01     | 395.1522        
16777216   | 256       | 1     | 25186.78     | 402.9885        
16777216   | 256       | 2     | 24764.21     | 396.2273        
16777216   | 256       | 3     | 24764.21     | 396.2273        
16777216   | 512       | 1     | 25206.15     | 403.2985        
16777216   | 512       | 2     | 25190.65     | 403.0504        
16777216   | 512       | 3     | 25217.79     | 403.4847        
16777216   | 1024      | 1     | 25389.86     | 406.2378        
16777216   | 1024      | 2     | 25405.49     | 406.4878        
16777216   | 1024      | 3     | 25389.74     | 406.2359        
33554432   | 64        | 1     | 25246.39     | 403.9422        
33554432   | 64        | 2     | 25229.44     | 403.6711        
33554432   | 64        | 3     | 25455.08     | 407.2812        
33554432   | 128       | 1     | 25049.83     | 400.7973        
33554432   | 128       | 2     | 25061.57     | 400.9851        
33554432   | 128       | 3     | 25276.76     | 404.4282        
33554432   | 256       | 1     | 25295.84     | 404.7335        
33554432   | 256       | 2     | 25084.59     | 401.3535        
33554432   | 256       | 3     | 25074.99     | 401.1999        
33554432   | 512       | 1     | 25107.65     | 401.7225        
33554432   | 512       | 2     | 25295.97     | 404.7355        
33554432   | 512       | 3     | 25120.35     | 401.9255        
33554432   | 1024      | 1     | 25237.34     | 403.7974        
33554432   | 1024      | 2     | 25247.18     | 403.9549        
33554432   | 1024      | 3     | 25463.98     | 407.4236        

Average Bandwidth

nx         | blockSize | Avg Bandwidth (GB/s)
--------------------------------------------------------------
4096       | 64        | 34.2115             
4096       | 128       | 37.6702             
4096       | 256       | 37.1105             
4096       | 512       | 36.4835             
4096       | 1024      | 33.7773             
32768      | 64        | 257.2086            
32768      | 128       | 265.1160            
32768      | 256       | 262.0976            
32768      | 512       | 256.0000            
32768      | 1024      | 256.0000            
131072     | 64        | 677.8174            
131072     | 128       | 788.6425            
131072     | 256       | 771.2796            
131072     | 512       | 745.1364            
131072     | 1024      | 608.4373            
1048576    | 64        | 376.2564            
1048576    | 128       | 376.1487            
1048576    | 256       | 376.4546            
1048576    | 512       | 376.1317            
1048576    | 1024      | 387.4350            
8388608    | 64        | 403.0867            
8388608    | 128       | 400.2198            
8388608    | 256       | 394.0709            
8388608    | 512       | 400.5221            
8388608    | 1024      | 404.2665            
16777216   | 64        | 402.8427            
16777216   | 128       | 397.6848            
16777216   | 256       | 398.4810            
16777216   | 512       | 403.2779            
16777216   | 1024      | 406.3205            
33554432   | 64        | 404.9648            
33554432   | 128       | 402.0702            
33554432   | 256       | 402.4290            
33554432   | 512       | 402.7945            
33554432   | 1024      | 405.0586            
